Chain ID,Residue name,Residue sequence,Conf 1(Input)
A,ILE,41,-0.0145
A,PHE,83,-0.2057
A,ASN,87,-0.1426
A,GLY,88,-0.0034
A,MET,92,-0.0236
A,TYR,111,-0.2164
A,GLY,112,-0.1537
A,PHE,113,-0.0988
A,ILE,114,-0.0803
A,GLY,115,-0.1752
A,GLY,116,-0.1774
A,ILE,117,-0.0923
A,PHE,118,-0.0702
A,GLY,119,-0.2008
A,PHE,120,-0.4771
A,MET,121,-0.0181
A,SER,122,-0.0189
A,ILE,123,-0.1419
A,MET,124,-0.0038
A,TRP,166,-0.0253
A,ALA,167,-0.0492
A,PRO,170,-0.0042
A,TYR,177,-0.1707
A,THR,178,-0.0088
A,GLU,180,-0.1053
A,ASN,185,-0.1313
A,CYS,186,-0.1060
A,SER,187,-0.1987
A,PHE,188,-0.4894
A,TYR,190,-0.0213
A,ASN,200,-0.0076
A,ILE,201,-0.0364
A,LEU,202,-0.0076
A,CYS,203,-0.0102
A,MET,204,-0.3675
A,PHE,205,-0.4158
A,ILE,206,-0.0223
A,LEU,207,-0.0084
A,GLY,208,-0.1746
A,PHE,209,-0.3650
A,PHE,210,-0.0976
A,PRO,212,-0.0131
A,ILE,213,-0.0241
A,PHE,270,-0.2198
A,LEU,271,-0.0488
A,SER,273,-0.0125
A,TRP,274,-0.7355
A,SER,275,-0.1179
A,PRO,276,-0.0117
A,TYR,277,-0.5230
A,ALA,278,-0.1660
A,VAL,279,-0.0190
A,ALA,281,-0.0307
A,LEU,282,-0.0193
A,GLN,298,-0.0084
A,VAL,301,-0.1395
A,MET,302,-0.0360
A,ALA,304,-0.1100
A,LYS,305,-0.1485
A,ALA,306,-0.0069

Intra-Ligand Free,,,-0.6333
Inter-Ligand Free,,,-4.2003
Total Free Energy,,,-4.8336
Normalized Total Free Energy,,,-3.4042
